camera_matrix:
- [11778.53629148468, 0.0, 1021.7119771489179]
- [0.0, 11777.799406350825, 1021.5862920517887]
- [0.0, 0.0, 1.0]
dist_coeff:
- [-1.4035608371828896, 14.86802096080302, -7.446925624950953e-05, -0.0005827529592583428,
  458.41390639373355, 1.4697300152584791, -13.198574932394532, -875.2786590178221,
  0.0, 0.0, 0.0, 0.0, 0.0, 0.0]
