camera_matrix:
- [20023.989726901993, 0.0, 1022.9346342013445]
- [0.0, 19548.24850595825, 1026.3285349339885]
- [0.0, 0.0, 1.0]
dist_coeff:
- [-3.496350686428195, 206.48434418013, -0.024239546192704246, -0.005822241999317109,
  -847.9849268270477, 3.5571231054727335, -177.1310565384182, 847.9065072350145, 0.0,
  0.0, 0.0, 0.0, 0.0, 0.0]
