camera_matrix:
- [18199.76918091441, 0.0, 1023.4664261164821]
- [0.0, 18206.653245199603, 1024.0864957467093]
- [0.0, 0.0, 1.0]
dist_coeff:
- [-4.291904532042644, 224.0311467036507, -0.0068405839733761235, -0.01154754076371198,
  1.8505083928720814, 4.385247953741624, -185.22305176005239, -1.7973075846623676,
  0.0, 0.0, 0.0, 0.0, 0.0, 0.0]
