camera_matrix:
- [12360.398118244188, 0.0, 1018.6344544841269]
- [0.0, 12144.754964737878, 1012.0078872111368]
- [0.0, 0.0, 1.0]
dist_coeff:
- [-0.6808169305444289, -90.26554482584214, 0.004919313540728375, -0.03883491291836285,
  5015.207943891329, 0.7197192753316316, 95.84016556316702, -4888.611085739371, 0.0,
  0.0, 0.0, 0.0, 0.0, 0.0]
